Number of boards solved: 400
Maximum: 2.01760817
Minimum: 0.01045799
Mean: 0.17409378
Standard Deviation: 0.24506111
